i = 30               ! your choice of midi intrument (1-99) (see wiki) (default = 1 = piano)
                     ! spaces ignored
0.25 0.0             ! time (sec)  note (16-64)      middle c = 40     note = 0 = rest
0.25 44.0            ! time should be larger than 0.1 
0.25 44.0            ! note ranges from 16 to 64 (total of 4 octaves)
0.25 44.0            ! note does not have to be an integer, i.e., 47.29
0.25 40.0            ! total time must add up to 20 sec per person
0.25 44.0
0.50 47.0
0.50 35.0

0.50 0.0
0.50 40.0
0.50 35.0
0.50 32.0
0.50 37.0
0.25 39.0
0.25 38.0
0.50 37.0
0.25 0.0
0.25 35.0
0.25 44.0
0.25 47.0
0.50 49.0
0.25 45.0
0.25 47.0
0.25 44.0
0.25 40.0
0.25 42.0
0.50 39.0
0.50 0.0

0.50 0.0
0.50 40.0
0.50 35.0
0.50 32.0
0.50 37.0
0.25 39.0
0.25 38.0
0.50 37.0
0.25 0.0
0.25 35.0
0.25 44.0
0.25 47.0
0.50 49.0
0.25 45.0
0.25 47.0
0.25 44.0
0.25 40.0
0.25 42.0
0.50 39.0
0.50 0.0

0.50 0.0
0.25 47.0
0.25 46.0
0.25 45.0
0.25 43.0
0.25 44.0
0.25 36.0
0.25 37.0
0.25 40.0
0.25 37.0
0.25 40.0
0.50 42.0

0.25 0.0
0.25 47.0
0.25 46.0
0.25 45.0
0.25 43.0
0.50 44.0
0.25 52.0
0.25 52.0
0.50 52.0

0.50 0.0
0.25 47.0
0.25 46.0
0.25 45.0
0.25 43.0
0.25 44.0
0.25 36.0
0.25 37.0
0.25 40.0
0.25 37.0
0.25 40.0
0.50 42.0

0.50 0.0
0.25 43.0
0.25 42.0
0.50 40.0

0.50 0.0
0.25 47.0
0.25 46.0
0.25 45.0
0.25 43.0
0.25 44.0
0.25 36.0
0.25 37.0
0.25 40.0
0.25 37.0
0.25 40.0
0.50 42.0

0.25 0.0
0.25 47.0
0.25 46.0
0.25 45.0
0.25 43.0
0.50 44.0
0.25 52.0
0.25 52.0
0.50 52.0

0.50 0.0
0.25 47.0
0.25 46.0
0.25 45.0
0.25 43.0
0.25 44.0
0.25 36.0
0.25 37.0
0.25 40.0
0.25 37.0
0.25 40.0
0.50 42.0

0.50 0.0
0.25 43.0
0.25 42.0
0.50 40.0

0.50 0.0
0.25 40.0
0.25 40.0
0.25 40.0
0.25 40.0
0.25 42.0
0.25 44.0
0.25 40.0
0.25 37.0
0.50 35.0

0.50 0.0
0.25 40.0
0.25 40.0
0.25 40.0
0.25 40.0
0.25 42.0
0.25 44.0
0.75 40.0


0.50 0.0
0.25 40.0
0.25 40.0
0.25 40.0
0.25 40.0
0.25 42.0
0.25 44.0
0.25 40.0
0.25 37.0
0.50 35.0
 

0.25 0.0             
0.25 44.0            
0.25 44.0            
0.25 44.0            
0.25 40.0            
0.25 44.0
0.50 47.0
1.0 35.0